!
0748535760 0001
0748606440 0002
0748609380 0003
0748613220 0004
0748615860 0005
0748615980 0006
0748621620 0007
0748627680 0008
0748856820 0009
0748883100 0010
0748883100 0011
0748956420 0012
0749034480 0013
0749044920 0014
0749136480 0015
0749136540 0016
0749137620 0017
0749203380 0018
0749228640 0020
0749228820 0019
0749229360 0021
0749235180 0022
0749307360 0023
0749398860 0024
0749404200 0025
0749754420 0027
0749760300 0028
0749825460 0029
0749826420 0030
0750069540 0031
0750101280 0032
0750158220 0033
0750171840 0034
0750179220 0035
0750182880 0036
0750185220 0037
0750188760 0038
0750243300 0039
0752690580 0040
0752745120 0041
0752746800 0042
0752755860 0043
0752768880 0044
0752771940 0045
0752773800 0046
0752773980 0047
0752776080 0048
0753112800 0049
0753127320 0050
~~~~~~~~~~
